16 16
6 7 7 8 7 7 2 6 0 6 4 1 3 0 2 8
4 4 6 5 3 4 0 0 3 1 4 7 7 7 8 6
4 8 8 1 8 5 0 3 3 4 4 0 8 2 2 1
5 1 5 8 2 2 1 8 4 2 3 5 7 6 5 2
2 2 3 8 0 7 6 3 8 2 1 0 7 4 8 4
3 2 0 5 4 5 8 1 6 5 5 6 3 8 5 2
5 6 3 7 5 3 1 3 3 1 3 1 3 4 8 5
6 8 0 2 6 8 8 3 4 4 2 3 5 4 4 0
6 5 8 5 3 3 1 4 3 7 5 0 3 1 2 1
4 4 5 7 2 7 8 3 2 5 0 6 6 4 0 2
2 0 6 8 3 3 4 3 0 0 2 0 6 0 7 6
3 5 4 1 3 1 2 4 0 0 4 3 5 4 7 2
4 0 0 3 8 0 4 2 1 6 1 0 7 4 1 7
4 8 4 5 4 6 3 3 7 2 0 4 4 6 8 7
7 1 5 7 3 1 2 5 7 7 6 4 2 1 4 5
6 3 8 8 8 1 7 5 8 6 4 6 6 3 0 5